load succsessful.
128 1280 0 0 0 0 0 0 0 0 0 0 0 0 0 0 0 0 0 0 0 0 0 0 0 0 0 0 0 0 0 0 0 0 0 0 0 0 0 0 0 0 0 0 0 0 0 0 0 0 0 0 0 0 0 0 0 0 0 0 0 0 0 0 0 0 0 
0 0.369504 0.385242 0.388706 0.364223 0.38616 0.384534 0.40156 0.39934 0.383614 0.435765 0.437245 0.421563 0.380911 0.418804 0.402679 0.391262 0.393015 0.458501 0 0 0 0 0 0 0.306909 0.184398 0.389286 0 0 0.0316354 0 0.0356161 0.136417 0.154242 0 0 0.0643848 0 0 0 0 0 0 0.0433562 0 0 0.311866 0 0.463964 0.364875 0.476922 0.469504 0.480716 0.467238 0.444369 0.424843 0.437157 0.426195 0.430073 0.403382 0.4285 0.429461 0.424962 0.45016 0 
0 0.291359 0.305741 0.31449 0.293447 0.288911 0.275665 0.297541 0.308645 0.30816 0.34943 0.355844 0.323627 0.273019 0.30126 0.332615 0.307103 0.290435 0 0 0 0 0 0 0 0.0429035 0.080933 0 0 0 0 0 0 0 0 0 0 0.0447868 0.0272782 0 0 0 0 0 0 0 0 0 0 0.0449923 0.372806 0.429553 0.393531 0.425737 0.41165 0.387077 0.374023 0.376107 0.36674 0.373634 0.349254 0.349644 0.343941 0.352048 0.394318 0 
0 0.304134 0.312943 0.320078 0.326416 0.288207 0.285582 0.281387 0.30338 0.294775 0.323686 0.343311 0.32401 0.301212 0.332613 0.328701 0.291862 0.308395 0 0 0 0.0395826 0.0650874 0 0 0 0.042923 0 0 0.0408451 0.0312033 0 0 0 0.0582342 0 0 0.121988 0.00891 0 0 0 0 0 0 0 0 0 0.0911049 0.116925 0.362953 0.392451 0.346805 0.425987 0.405407 0.38828 0.383677 0.376698 0.375525 0.368683 0.389568 0.374044 0.357346 0.369187 0.398547 0 
0 0.305863 0.318035 0.3247 0.318627 0.298584 0.291611 0.286216 0.3256 0.276556 0.310037 0.350498 0.325477 0.299879 0.310276 0.290561 0.161575 0 0 0 0.286878 0 0 0 0 0 0.170129 0.19726 0 0.0375369 0.0292597 0.0246289 0.0883463 0 0 0 0.0359331 0.052339 0.10655 0 0 0 0 0 0 0.0390214 0 0 0.221864 0 0 0.370589 0.354802 0.392696 0.367674 0.356946 0.370351 0.378274 0.373677 0.40389 0.385346 0.394479 0.396423 0.389585 0.418255 0 
0 0.328105 0.327352 0.332956 0.315473 0.292349 0.302771 0.290666 0.293752 0.290551 0.316188 0.351237 0.342515 0.298371 0.28927 0.345801 0 0 0 0.10957 0 0 0 0 0 0 0.282135 0.241084 0 0.17073 0.033837 0 0 0 0 0 0 0.0672864 0.160283 0 0 0 0 0 0 0 0 0 0.00434351 0 0 0 0.38869 0.382175 0.334998 0.356728 0.370948 0.373112 0.368639 0.390873 0.382136 0.40452 0.405095 0.394116 0.408884 0 
0 0.298353 0.32688 0.326899 0.317956 0.314577 0.327146 0.301777 0.32022 0.28823 0.322912 0.346757 0.303203 0.304732 0.305443 0.258806 0 0 0 0 0 0 0 0 0 0 0.0566551 0 0.0362241 0.0469218 0 0 0.0906673 0 0 0.0345755 0.0344639 0.182622 0.0473383 0.0319755 0 0 0 0 0 0 0 0 0 0.0626077 0 0 0.25208 0.377622 0.339834 0.368147 0.347878 0.356557 0.36869 0.373088 0.391115 0.395282 0.40895 0.405816 0.397924 0 
0 0.306678 0.300022 0.307205 0.286129 0.28427 0.341981 0.32219 0.33605 0.311301 0.311976 0.335734 0.306856 0.25884 0.227903 0 0 0 0 0 0 0 0 0 0 0 0 0 0 0 0.000160754 0 0.071304 0 0 0 0 0.128634 0.0662323 0 0 0 0 0 0 0 0 0 0 0 0 0 0.160275 0.318453 0.346064 0.388863 0.359586 0.365929 0.334229 0.347665 0.363303 0.377121 0.407558 0.404118 0.386704 0 
0 0.320806 0.291574 0.294036 0.317821 0.271956 0.337128 0.321172 0.354758 0.324061 0.324202 0.33282 0.295229 0.25551 0.232342 0 0 0 0 0 0 0 0 0 0 0 0 0 0 0 0 0 0 0 0 0 0 0.0157402 0 0 0 0 0 0 0 0 0 0 0 0 0 0 0.0757834 0.398975 0.358828 0.371274 0.356454 0.3552 0.348784 0.336417 0.367545 0.3959 0.405186 0.41162 0.384247 0 
0 0.26872 0.269982 0.258842 0.285164 0.274965 0.348209 0.347059 0.336966 0.318638 0.313169 0.336046 0.291712 0.247785 0.275621 0 0 0 0 0 0 0 0 0 0 0 0 0 0 0 0 0 0 0 0 0 0 0 0 0 0 0 0 0 0 0 0 0 0 0 0 0 0 0.41412 0.401751 0.373678 0.364282 0.386422 0.374584 0.342843 0.374483 0.386942 0.376446 0.376521 0.375095 0 
0 0.28571 0.28791 0.279615 0.254087 0.285602 0.303104 0.318251 0.329103 0.329003 0.313873 0.334372 0.280715 0.267564 0.279882 0 0 0 0 0 0 0 0 0 0 0 0 0 0 0 0 0 0 0 0 0 0 0 0 0 0 0 0 0 0 0 0 0 0 0 0 0 0 0 0.342788 0.415221 0.360611 0.375265 0.369176 0.346899 0.353557 0.400584 0.38117 0.37904 0.393625 0 
0 0.280666 0.299904 0.306739 0.271438 0.310873 0.305281 0.313473 0.332943 0.324722 0.303777 0.289664 0.256021 0.283325 0.25171 0 0 0 0 0 0 0 0 0 0 0 0 0 0 0 0 0 0 0 0 0 0 0 0 0 0 0 0 0 0 0 0 0 0 0 0.11457 0 0 0 0.420681 0.384303 0.375077 0.35336 0.355779 0.35112 0.370981 0.381758 0.366357 0.389673 0.386814 0 
0 0.284321 0.327454 0.31398 0.283791 0.330415 0.335861 0.33287 0.331243 0.332433 0.310146 0.297414 0.240202 0.295776 0.292569 0 0 0 0 0 0 0 0 0 0 0 0 0 0 0 0 0 0 0 0 0 0 0 0 0 0 0 0 0 0 0 0 0 0 0 0 0 0 0 0 0.394699 0.383317 0.390013 0.369799 0.344347 0.390485 0.37274 0.379216 0.403137 0.412137 0 
0 0.287146 0.321277 0.307335 0.308862 0.339663 0.324114 0.321519 0.313964 0.317416 0.30494 0.28844 0.24855 0.322772 0.213501 0 0 0 0 0 0 0 0 0 0 0 0 0 0 0 0 0 0 0 0 0 0 0 0 0 0 0 0 0 0 0 0 0 0 0 0 0 0 0 0.0814749 0.416043 0.361889 0.39289 0.341705 0.370906 0.38804 0.375137 0.380706 0.395171 0.398958 0 
0 0.292632 0.323107 0.320581 0.323498 0.347126 0.309594 0.326278 0.308492 0.320342 0.309698 0.288457 0.283733 0.265382 0.287238 0 0 0 0 0 0 0 0 0 0 0 0 0 0 0 0 0 0 0 0 0 0 0 0 0 0 0 0 0 0 0 0 0 0.0155132 0 0 0 0 0 0.191633 0.383007 0.38914 0.41652 0.368239 0.391354 0.382702 0.38555 0.394911 0.398616 0.407819 0 
0 0.304071 0.329797 0.342488 0.324599 0.328171 0.316174 0.332382 0.33041 0.320083 0.324927 0.295207 0.283171 0.257388 0.249552 0.0322101 0 0 0 0 0 0 0 0 0 0 0 0 0 0 0 0 0 0 0 0 0 0 0 0 0 0 0 0 0 0 0 0 0.0646342 0.000935853 0 0 0 0 0.124069 0.34797 0.421032 0.40826 0.393169 0.383209 0.381152 0.398256 0.386122 0.368719 0.382338 0 
0 0.265725 0.286888 0.289116 0.289707 0.307263 0.301423 0.323463 0.316666 0.302647 0.299047 0.284319 0.290628 0.224392 0.208099 0 0 0 0 0 0 0 0 0 0 0 0 0 0 0 0 0 0 0 0 0 0 0 0 0 0 0 0 0 0 0 0 0 0.0782952 0.242893 0.0533452 0 0 0 0.301375 0.293481 0.385602 0.386874 0.386356 0.38117 0.404804 0.413397 0.397033 0.375991 0.376901 0 
0 0.29408 0.275545 0.293424 0.282492 0.259949 0.289583 0.285229 0.284043 0.295585 0.303076 0.289291 0.283016 0.242651 0.2442 0 0 0 0 0 0 0 0 0 0 0 0 0 0 0 0 0 0 0 0 0 0 0 0 0 0 0 0 0 0 0 0 0 0 0.258679 0.211187 0.166035 0.1312 0 0.351348 0.308751 0.322382 0.361092 0.391913 0.390482 0.409109 0.401095 0.385348 0.376671 0.377688 0 
0 0.304903 0.306308 0.314473 0.311429 0.275095 0.292518 0.281189 0.282509 0.296543 0.276083 0.26428 0.299604 0.338412 0.308739 0 0 0 0 0 0 0 0 0 0 0 0 0 0 0 0 0 0 0 0 0 0 0 0 0 0 0 0 0 0 0 0 0.0893179 0.207921 0.312989 0.272252 0.283363 0.0841241 0 0.453548 0.31061 0.32239 0.346091 0.399235 0.390793 0.396722 0.380071 0.370898 0.37732 0.372407 0 
0 0.294245 0.276519 0.291655 0.271911 0.266648 0.252356 0.273169 0.279221 0.281029 0.264063 0.264908 0.277446 0.320931 0.253597 0 0 0 0 0 0 0 0 0 0 0 0 0 0 0 0 0 0 0 0 0 0 0 0 0 0 0 0 0 0 0 0 0.116781 0.234183 0.1941 0.34246 0.237912 0 0 0.340306 0.334808 0.332758 0.348631 0.372938 0.398135 0.394881 0.377999 0.37287 0.387717 0.372093 0 
0 0.28855 0.281511 0.277807 0.261791 0.24819 0.270988 0.28071 0.295964 0.29698 0.291481 0.283229 0.271095 0.319212 0.250218 0.20725 0 0 0 0 0 0 0 0 0 0 0 0 0 0 0 0 0 0 0 0 0 0 0 0 0 0 0 0 0 0 0 0.20929 0.295824 0.301398 0.323882 0.326795 0 0.0747779 0.364425 0.385825 0.347709 0.356199 0.371869 0.403224 0.394798 0.397092 0.390411 0.390068 0.378005 0 
0 0.249521 0.246283 0.238709 0.273416 0.266164 0.275887 0.298317 0.3057 0.299993 0.289795 0.292283 0.264947 0.332197 0.285235 0.221976 0 0 0 0 0 0 0 0 0 0 0 0 0 0 0 0 0 0 0 0 0 0 0 0 0 0 0 0 0 0 0 0 0.314243 0.383229 0.331481 0.278115 0 0 0 0.426923 0.357194 0.332789 0.379367 0.382455 0.409872 0.382978 0.380925 0.378405 0.39612 0 
0 0.283601 0.291125 0.266194 0.259112 0.280366 0.290156 0.304908 0.302821 0.317894 0.31108 0.307234 0.288447 0.303559 0.309646 0.241672 0.211993 0 0 0 0 0 0 0 0 0 0 0 0 0 0 0 0 0 0 0 0 0 0 0 0 0 0 0 0 0 0 0 0.201352 0.333883 0.254849 0.0601899 0 0 0 0.0842405 0.354124 0.348867 0.380204 0.389612 0.426024 0.386142 0.374148 0.363393 0.373276 0 
0 0.281229 0.253098 0.271576 0.26828 0.266192 0.298492 0.278654 0.306678 0.317319 0.310318 0.283063 0.286872 0.310965 0.307682 0.281014 0.23879 0 0 0 0 0 0 0 0 0 0 0 0 0 0 0 0 0 0 0 0 0 0 0 0 0 0 0 0 0 0 0 0.0444242 0.150391 0 0 0 0 0 0 0.452794 0.366519 0.384046 0.391247 0.41196 0.376864 0.372192 0.373323 0.391388 0 
0 0.254024 0.210034 0.251778 0.277709 0.284558 0.309222 0.253118 0.302329 0.326969 0.284363 0.242713 0.223909 0.250307 0.280143 0.210947 0.211141 0.162162 0 0 0 0 0 0 0 0 0 0 0 0 0 0 0 0 0 0 0 0 0 0 0 0 0 0 0 0 0 0 0.0665429 0.0462784 0 0 0 0 0 0 0.481094 0.395837 0.400426 0.385101 0.410443 0.374402 0.368577 0.377678 0.387164 0 
0 0.210734 0.230843 0.256858 0.293269 0.297129 0.285515 0.236428 0.280638 0.324555 0.274205 0.269692 0.214036 0.220963 0.251545 0.22081 0.199067 0.189556 0 0 0 0 0 0 0 0 0 0 0 0 0 0 0 0 0 0 0 0 0 0 0 0 0 0 0 0 0 0 0 0 0 0 0 0 0 0 0.40935 0.407003 0.399671 0.375694 0.405 0.38474 0.388953 0.383843 0.380274 0 
0 0.220274 0.24469 0.251733 0.304587 0.251903 0.274598 0.261549 0.283668 0.330532 0.283266 0.274413 0.25008 0.246061 0.242354 0.230471 0.209828 0.311291 0 0 0 0 0 0 0 0 0 0 0 0 0 0 0 0 0 0 0 0 0 0 0 0 0 0 0 0 0 0 0 0 0 0 0 0 0 0 0.481061 0.409319 0.390421 0.389364 0.403469 0.389658 0.390966 0.372886 0.384677 0 
0 0.234361 0.266282 0.279207 0.263795 0.270357 0.283967 0.253083 0.277014 0.312339 0.271153 0.241388 0.235069 0.237153 0.249664 0.245658 0.240477 0.379824 0 0 0 0 0 0 0 0 0 0 0 0 0 0 0 0 0 0 0 0 0 0 0 0 0 0 0 0 0 0 0 0 0 0 0 0 0 0 0.47302 0.401723 0.396163 0.395059 0.397444 0.397261 0.399192 0.383136 0.390686 0 
0 0.254549 0.254207 0.271071 0.269706 0.245485 0.308631 0.301742 0.259731 0.270346 0.285559 0.25075 0.265737 0.281825 0.299503 0.27304 0.274656 0.315345 0 0 0 0 0 0 0 0 0 0 0 0 0 0 0 0 0 0 0 0 0 0 0 0 0 0 0 0 0 0 0 0 0 0 0 0 0 0 0.463804 0.41083 0.425112 0.418854 0.416535 0.387601 0.408399 0.396738 0.37735 0 
0 0.263115 0.27508 0.280719 0.303072 0.248379 0.32735 0.291617 0.292864 0.27044 0.264601 0.255457 0.240283 0.282072 0.278746 0.277837 0.250362 0.267534 0 0 0 0 0 0 0 0 0 0 0 0 0 0 0 0 0 0 0 0 0 0 0 0 0 0 0 0 0 0 0 0 0 0 0 0 0 0.046651 0.385627 0.368664 0.39069 0.426473 0.399022 0.403687 0.40153 0.389899 0.369985 0 
0 0.258524 0.291322 0.311144 0.293072 0.286383 0.294059 0.289166 0.299936 0.32172 0.268864 0.25842 0.261624 0.28107 0.26744 0.2678 0.228085 0.24659 0 0 0 0 0 0 0 0 0 0 0 0 0 0 0 0 0 0 0 0 0 0 0 0 0 0 0 0 0 0 0 0 0 0 0 0 0 0.365045 0.349517 0.378509 0.359673 0.379247 0.377911 0.378671 0.366845 0.396888 0.375716 0 
0 0.231833 0.254946 0.273512 0.254727 0.274097 0.284215 0.293288 0.306934 0.28732 0.267453 0.265577 0.268445 0.25663 0.293721 0.260575 0.210226 0.219178 0 0 0 0 0 0 0 0 0 0 0 0 0 0 0 0 0 0 0 0 0 0 0 0 0 0 0 0 0 0 0 0 0 0 0 0 0 0.437171 0.372563 0.399854 0.360173 0.371707 0.376224 0.366573 0.379721 0.39725 0.369444 0 
0 0.228624 0.258912 0.249524 0.249207 0.287877 0.284513 0.309719 0.301474 0.245312 0.241007 0.243678 0.275582 0.283605 0.274197 0.240344 0.219601 0.19063 0 0 0 0 0 0 0 0 0 0 0 0 0 0 0 0 0 0 0 0 0 0 0 0 0 0 0 0 0 0 0 0 0 0 0 0 0.304314 0.414291 0.391713 0.400595 0.376596 0.381404 0.372771 0.360586 0.375971 0.359967 0.365002 0 
0 0.278837 0.282737 0.290417 0.315252 0.290102 0.320085 0.312401 0.326577 0.278929 0.294823 0.256948 0.305793 0.28408 0.265338 0.239742 0.238279 0.201654 0.149309 0 0 0 0 0 0 0 0 0 0 0 0 0 0 0 0 0 0 0 0 0 0 0 0 0 0 0 0 0 0 0 0 0 0 0 0.372779 0.417501 0.407134 0.398664 0.38952 0.373091 0.407964 0.369896 0.383769 0.377172 0.36201 0 
0 0.28437 0.275526 0.297124 0.311759 0.294691 0.29218 0.287276 0.294086 0.297644 0.28582 0.270972 0.290557 0.293316 0.292293 0.275384 0.250324 0.212937 0.172824 0 0 0 0 0 0 0 0 0 0 0 0 0 0 0 0 0 0 0 0 0 0 0 0 0 0 0 0 0 0 0 0 0 0.148451 0.332724 0.326009 0.33943 0.382239 0.388521 0.37169 0.364587 0.383336 0.375456 0.394408 0.397386 0.383971 0 
0 0.26025 0.260732 0.286014 0.272454 0.273734 0.299882 0.288677 0.303354 0.308824 0.264316 0.281276 0.279211 0.311699 0.319567 0.302777 0.255972 0.296786 0.224827 0 0 0 0 0 0 0 0 0 0 0 0 0 0 0 0 0 0 0 0 0 0 0 0 0 0 0 0 0 0 0 0 0 0.445972 0.37268 0.282865 0.290794 0.348236 0.394021 0.381635 0.390721 0.384371 0.390968 0.385208 0.394854 0.388741 0 
0 0.255584 0.258207 0.320082 0.287594 0.282285 0.328818 0.304459 0.312041 0.293735 0.299704 0.292055 0.314119 0.321745 0.296353 0.293223 0.28324 0.281322 0.274382 0 0 0 0 0 0 0 0 0 0 0 0 0 0 0 0 0 0 0 0 0 0 0 0 0 0 0 0 0 0 0 0 0 0.386988 0.382767 0.383877 0.377655 0.361397 0.393983 0.387002 0.379657 0.389184 0.383624 0.373063 0.393082 0.400224 0 
0 0.262637 0.249916 0.312612 0.293963 0.254225 0.311063 0.301171 0.317032 0.301405 0.326896 0.296025 0.310546 0.29385 0.32552 0.283399 0.272154 0.263268 0.250891 0.139231 0 0 0 0 0 0 0 0 0 0 0 0 0 0 0 0 0 0 0 0 0 0 0 0 0 0 0 0 0 0 0 0 0.321418 0.402933 0.461235 0.43074 0.376964 0.367129 0.385422 0.372867 0.397551 0.393036 0.390398 0.394815 0.397185 0 
0 0.249586 0.244718 0.259934 0.258421 0.239414 0.260488 0.288784 0.272748 0.273364 0.300937 0.290404 0.281806 0.3069 0.266849 0.279938 0.258945 0.240082 0.264807 0.28455 0 0 0 0 0 0 0 0 0 0 0 0 0 0 0 0 0 0 0 0 0 0 0 0 0 0 0 0 0 0 0 0 0.361908 0.351646 0.396695 0.359996 0.349089 0.35568 0.351212 0.392463 0.393203 0.368083 0.38223 0.39986 0.404056 0 
0 0.244355 0.274017 0.272249 0.273601 0.279268 0.266975 0.289588 0.289095 0.282023 0.299941 0.296513 0.276287 0.294327 0.304809 0.268187 0.25703 0.244183 0.304484 0.25913 0 0 0 0 0 0 0 0 0 0 0 0 0 0 0 0 0 0 0 0 0 0 0 0 0 0 0 0 0 0 0 0 0.390524 0.331908 0.354256 0.315631 0.345834 0.365679 0.380149 0.355163 0.367363 0.392614 0.391257 0.401804 0.393848 0 
0 0.251599 0.276567 0.301773 0.25317 0.254746 0.269103 0.264798 0.304371 0.289439 0.309873 0.303268 0.287789 0.29038 0.296957 0.275648 0.260552 0.292424 0.280978 0.285694 0.286638 0 0 0 0 0 0 0 0 0 0 0 0 0 0 0 0 0 0 0 0 0 0 0 0 0 0 0 0 0 0 0 0.392149 0.389576 0.370877 0.310802 0.348602 0.377723 0.385148 0.404719 0.386588 0.380038 0.379209 0.394884 0.406237 0 
0 0.25124 0.273009 0.281239 0.258987 0.232977 0.283831 0.272569 0.293728 0.287852 0.26717 0.290386 0.254533 0.296706 0.301075 0.300811 0.276027 0.278891 0.287784 0.314634 0.321211 0 0 0 0 0 0 0 0 0 0 0 0 0 0 0 0 0 0 0 0 0 0 0 0 0 0 0 0 0 0 0 0.395061 0.394849 0.361343 0.308753 0.402972 0.427789 0.382612 0.393812 0.355559 0.364918 0.377268 0.389341 0.383856 0 
0 0.236224 0.232824 0.239075 0.246708 0.221759 0.271566 0.246986 0.284836 0.254237 0.24669 0.260996 0.281486 0.30188 0.274605 0.272348 0.258401 0.25676 0.290181 0.296425 0.260087 0.0403607 0 0 0 0 0 0 0 0 0 0 0 0 0 0 0 0 0 0 0 0 0 0 0 0 0 0 0 0 0 0.0361674 0.367339 0.37517 0.32367 0.359565 0.434254 0.315175 0.389599 0.352623 0.341441 0.363564 0.389152 0.392883 0.383657 0 
0 0.246304 0.259269 0.270465 0.286065 0.262492 0.305285 0.277715 0.299304 0.287209 0.311963 0.302608 0.290156 0.330931 0.287969 0.283223 0.27817 0.293246 0.301293 0.306708 0.246753 0.326911 0 0 0 0 0 0 0 0 0 0 0 0 0 0 0 0 0 0 0 0 0 0 0 0 0 0 0 0 0 0.224362 0.389134 0.387833 0.365788 0.369874 0.419334 0.368728 0.400702 0.375028 0.353977 0.359252 0.383021 0.388802 0.388557 0 
0 0.285657 0.295142 0.28378 0.279903 0.318645 0.329656 0.284301 0.308269 0.333058 0.299044 0.324834 0.278907 0.295534 0.282094 0.29882 0.291334 0.301223 0.275733 0.301829 0.307845 0.244945 0 0 0 0 0 0 0 0 0 0 0 0 0 0 0 0 0 0 0 0 0 0 0 0 0 0 0 0 0 0.275227 0.332958 0.426076 0.36269 0.330547 0.379479 0.363709 0.348971 0.392353 0.382661 0.358177 0.373183 0.377985 0.380479 0 
0 0.235596 0.302912 0.264634 0.252292 0.3 0.283495 0.264886 0.292001 0.29244 0.286933 0.319969 0.304527 0.290885 0.271417 0.267187 0.273509 0.266002 0.279964 0.285414 0.281318 0.273432 0.0789591 0 0 0 0 0 0 0 0 0 0 0 0 0 0 0 0 0 0 0 0 0 0 0 0 0 0 0 0 0 0.308678 0.398341 0.332863 0.363213 0.342938 0.373077 0.36453 0.37065 0.378027 0.380454 0.364246 0.40358 0.384199 0 
0 0.260474 0.283046 0.265863 0.260613 0.281035 0.264036 0.244414 0.258043 0.308835 0.30381 0.311232 0.293827 0.330182 0.288673 0.272025 0.300084 0.279421 0.308168 0.298047 0.296704 0.298478 0.330905 0 0 0 0 0 0 0 0 0 0 0 0 0 0 0 0 0 0 0 0 0 0 0 0 0 0 0 0 0 0.306255 0.369062 0.30764 0.370813 0.348039 0.375086 0.363325 0.383163 0.38595 0.376218 0.374676 0.377328 0.368282 0 
0 0.242815 0.286016 0.286955 0.297812 0.271673 0.285428 0.272612 0.287045 0.296468 0.296485 0.289732 0.278209 0.27114 0.308016 0.308562 0.260714 0.300854 0.310062 0.302784 0.305632 0.232256 0.275181 0.0695565 0 0 0 0 0 0 0 0 0 0 0 0 0 0 0 0 0 0 0 0 0 0 0 0 0 0 0 0 0 0.30913 0.280133 0.308751 0.353081 0.361852 0.365984 0.377366 0.377506 0.384184 0.359678 0.391105 0.382129 0 
0 0.248149 0.274185 0.318322 0.288385 0.263008 0.281913 0.302516 0.300064 0.291977 0.26346 0.318992 0.316767 0.280725 0.311739 0.306596 0.282088 0.296464 0.299701 0.294972 0.262063 0.204127 0.282234 0.242591 0 0 0 0 0 0 0 0 0 0 0 0 0 0 0 0 0 0 0 0 0 0 0 0 0 0 0 0 0 0 0.0177374 0.292918 0.342387 0.362985 0.356196 0.375389 0.376309 0.377356 0.38133 0.378236 0.354696 0 
0 0.272083 0.253329 0.250536 0.207137 0.216892 0.268559 0.26618 0.284942 0.279771 0.254324 0.290707 0.296311 0.322659 0.285612 0.281596 0.306339 0.281398 0.263991 0.333663 0.288926 0.274912 0.281814 0.279533 0.226897 0 0 0 0 0 0 0 0 0 0 0 0 0 0 0 0 0 0 0 0 0 0 0 0 0 0 0 0 0 0 0.188245 0.360167 0.368747 0.359717 0.396417 0.386778 0.37707 0.389802 0.384404 0.354425 0 
0 0.261487 0.268442 0.299519 0.307531 0.298443 0.29659 0.267999 0.267175 0.271921 0.257248 0.303108 0.344196 0.292278 0.304721 0.307563 0.278594 0.303915 0.310679 0.316458 0.322262 0.320113 0.287538 0.265847 0.24766 0.0064137 0 0 0 0 0 0 0 0 0 0 0 0 0 0 0 0 0 0 0 0 0 0 0 0 0 0 0 0 0 0 0.362319 0.364013 0.359033 0.377261 0.389335 0.378817 0.36363 0.374298 0.369163 0 
0 0.212758 0.278022 0.288347 0.297508 0.265378 0.277915 0.28096 0.298559 0.3185 0.31582 0.299681 0.316135 0.287408 0.280545 0.293117 0.294429 0.298639 0.279074 0.318226 0.325284 0.32575 0.286941 0.250493 0.27406 0.276947 0 0 0 0 0 0 0 0 0 0 0 0 0 0 0 0 0 0 0 0 0 0 0 0 0 0 0 0.178217 0.083948 0 0.26854 0.370905 0.355137 0.35804 0.358253 0.372405 0.375708 0.379676 0.365763 0 
0 0.210451 0.250755 0.265401 0.251812 0.258563 0.289988 0.251118 0.273428 0.303802 0.276895 0.278784 0.272469 0.294396 0.266317 0.304492 0.298727 0.283602 0.292558 0.323425 0.327013 0.3037 0.284437 0.252636 0.274753 0.277406 0.193583 0 0 0 0 0 0 0 0 0 0 0 0 0 0 0 0 0 0 0 0 0 0 0 0 0 0 0.421633 0.316543 0 0 0.374093 0.352302 0.35892 0.384758 0.357819 0.353194 0.355598 0.376855 0 
0 0.2275 0.261876 0.25383 0.267588 0.299317 0.250991 0.261371 0.28784 0.273022 0.26902 0.293395 0.292245 0.292391 0.281931 0.332806 0.287938 0.293103 0.303954 0.304693 0.32974 0.265603 0.269443 0.284911 0.295424 0.309895 0.255469 0.0279019 0 0 0 0 0 0 0 0 0 0 0 0 0 0 0 0 0 0 0 0 0 0 0 0 0.419839 0.444137 0.366451 0.147111 0 0 0.354307 0.303762 0.371127 0.3491 0.349033 0.373448 0.39234 0 
0 0.22845 0.247168 0.26676 0.25953 0.263042 0.26546 0.243447 0.27301 0.280193 0.269504 0.296441 0.289784 0.299258 0.320438 0.293371 0.295612 0.292406 0.298903 0.291735 0.313155 0.289383 0.286633 0.265873 0.2523 0.253411 0.331544 0 0 0 0 0 0 0 0 0 0 0 0 0 0 0 0 0 0 0 0 0 0 0 0 0.157384 0.46676 0.404136 0.30672 0.310298 0 0 0.382313 0.340929 0.340814 0.333189 0.34064 0.367071 0.379883 0 
0 0.246526 0.229629 0.263394 0.21866 0.24722 0.258778 0.259614 0.274343 0.274406 0.255018 0.276035 0.26719 0.296747 0.285247 0.282929 0.284429 0.282098 0.31193 0.319269 0.295644 0.298009 0.300629 0.247524 0.23351 0.25581 0.33834 0 0 0 0 0 0 0 0 0 0 0 0 0 0 0 0 0 0 0 0 0 0 0 0.0578614 0.418998 0.402364 0.372649 0.377981 0.369191 0.231569 0 0 0.352488 0.401416 0.345283 0.344724 0.370138 0.389535 0 
0 0.242593 0.26308 0.26488 0.263994 0.296636 0.286213 0.282388 0.284515 0.27481 0.276556 0.291408 0.292408 0.303642 0.300563 0.278333 0.301273 0.275279 0.310788 0.329719 0.303117 0.296586 0.27693 0.241709 0.239472 0.312424 0.332575 0 0 0 0 0 0 0 0 0 0 0 0 0 0 0 0 0 0 0 0 0 0 0.064475 0.46382 0.418023 0.377162 0.388287 0.41329 0.392073 0.232516 0.119344 0 0 0.399023 0.39476 0.36205 0.37969 0.385456 0 
0 0.245704 0.28676 0.287524 0.287822 0.291834 0.293093 0.287977 0.274646 0.265802 0.27158 0.279607 0.29874 0.28329 0.282206 0.258689 0.291615 0.277722 0.309117 0.323222 0.318431 0.322682 0.283055 0.276258 0.269171 0.283562 0.233653 0 0 0 0 0 0 0 0 0 0 0 0 0 0 0 0 0 0 0 0 0 0.144029 0.41174 0.42003 0.426397 0.402138 0.405964 0.420351 0.362359 0.232575 0.02962 0 0.109106 0.397735 0.365672 0.361021 0.37331 0.389834 0 
0 0.263765 0.266891 0.269327 0.267458 0.265658 0.262092 0.262917 0.268427 0.25422 0.251713 0.258755 0.271782 0.259998 0.274952 0.254875 0.282432 0.28896 0.285969 0.294823 0.310474 0.30712 0.260676 0.303148 0.244961 0.235289 0 0 0 0 0 0 0 0 0 0 0 0 0 0 0 0 0 0 0 0 0 0.383106 0.399537 0.392464 0.413702 0.413874 0.410563 0.379432 0.420198 0.390493 0.208251 0 0 0.290027 0.34568 0.326989 0.288517 0.385693 0.388796 0 
0 0.263765 0.279301 0.273138 0.275918 0.264478 0.276304 0.261288 0.262501 0.272022 0.275501 0.289156 0.293822 0.284458 0.305744 0.28044 0.29011 0.26979 0.251217 0.271535 0.294041 0.294331 0.244293 0.281991 0.251828 0 0 0 0 0 0 0 0 0 0 0 0 0 0 0 0 0 0 0 0 9.2864e-05 0.444212 0.418463 0.409263 0.421432 0.43785 0.440288 0.446952 0.390864 0.422107 0.383382 0.241641 0.194069 0.137123 0.223518 0.300797 0.199734 0.265503 0.306106 0.358811 0 
0 0.271117 0.273584 0.270229 0.278784 0.270168 0.269542 0.269078 0.293129 0.295424 0.300045 0.289216 0.312802 0.293035 0.297814 0.295502 0.287608 0.271508 0.264996 0.270186 0.283228 0.314894 0.246434 0.284928 0 0 0 0 0 0 0 0 0 0 0 0 0 0 0 0 0 0 0 0 0.321778 0.396585 0.440887 0.421583 0.405105 0.424225 0.425223 0.412433 0.415732 0.385452 0.419109 0.400633 0.335207 0.3259 0.362832 0.264226 0.355259 0.194018 0.188312 0.198089 0.238341 0 
0 0.262062 0.271414 0.296965 0.285358 0.274728 0.265408 0.271678 0.263894 0.269748 0.271699 0.282676 0.317722 0.307039 0.312658 0.289428 0.274498 0.262308 0.282309 0.276736 0.236809 0.311619 0.158369 0 0 0 0 0 0 0 0 0 0 0 0 0 0 0 0 0 0 0 0.0403007 0.366902 0.418279 0.419571 0.411292 0.435282 0.39847 0.431654 0.421948 0.417624 0.421288 0.393789 0.418116 0.408016 0.399109 0.367832 0.330058 0.298084 0.29029 0.255512 0.259639 0.149638 0.111472 0 
0 0.255318 0.297801 0.304343 0.286793 0.256279 0.27064 0.273475 0.287643 0.292439 0.278268 0.276163 0.291219 0.309573 0.272493 0.289506 0.293902 0.259515 0.299219 0.274364 0.221564 0.241954 0 0 0 0 0 0 0 0 0 0 0 0 0 0 0 0 0 0 0 0.460797 0.403533 0.395771 0.437941 0.402299 0.416967 0.44969 0.41766 0.434573 0.416431 0.412605 0.417422 0.417123 0.405035 0.3919 0.397813 0.396019 0.338249 0.341569 0.330899 0.343646 0.324648 0.266483 0.23992 0 
0 0.278895 0.318332 0.287428 0.265711 0.243732 0.293547 0.271908 0.293122 0.295589 0.2761 0.283307 0.284316 0.262057 0.283009 0.264216 0.272598 0.278209 0.265075 0.243799 0.140108 0 0 0 0 0 0 0 0 0 0 0 0 0 0 0 0 0 0.00418299 0.417434 0.453922 0.456424 0.416032 0.40817 0 0 0.403575 0.447305 0.421546 0.43689 0.415592 0.398034 0.407815 0.431692 0.425703 0.385937 0.428486 0.399241 0.375187 0.376179 0.353856 0.396033 0.368119 0.335889 0.319616 0 
0 0.270171 0.29224 0.287367 0.272944 0.292532 0.269893 0.244631 0.278806 0.285769 0.283649 0.295719 0.268784 0.289051 0.288233 0.255581 0.256075 0.240647 0.00214648 0.125047 0 0 0 0 0 0 0 0 0 0 0 0 0 0 0.14397 0 0.248969 0.498518 0.435284 0.452293 0.424456 0.391419 0.262889 0 0 0.235335 0.385365 0.410616 0.394495 0.440537 0.411158 0.396439 0.410954 0.417233 0.444446 0.410707 0.443509 0.37848 0.388341 0.374955 0.355251 0.392192 0.389046 0.327762 0.330413 0 
0 0 0 0 0 0 0 0 0 0 0 0 0 0 0 0 0 0 0 0 0 0 0 0 0 0 0 0 0 0 0 0 0 0 0 0 0 0 0 0 0 0 0 0 0 0 0 0 0 0 0 0 0 0 0 0 0 0 0 0 0 0 0 0 0 0 
